{
  "nbformat": 4,
  "nbformat_minor": 0,
  "metadata": {
    "colab": {
      "provenance": []
    },
    "kernelspec": {
      "name": "python3",
      "display_name": "Python 3"
    },
    "language_info": {
      "name": "python"
    }
  },
  "cells": [
    {
      "cell_type": "code",
      "source": [
        "import numpy as np\n",
        "from sklearn.preprocessing import StandardScaler\n",
        "\n",
        "X=np.array([[78,85,80,82],[65,70,68,72],[90,92,88,91],[72,75,70,74],[85,88,84,86]])\n",
        "print(\"Original Dataset:\\n\",X)\n",
        "\n",
        "X_std=StandardScaler().fit_transform(X)\n",
        "print(\"\\nStandardized Data:\\n\",X_std)\n",
        "\n",
        "cov_matrix=np.cov(X_std.T)\n",
        "print(\"\\nCovariance Matrix:\\n\",cov_matrix)\n",
        "\n",
        "eigenvalues,eigenvectors=np.linalg.eig(cov_matrix)\n",
        "print(\"\\nEigenvalues:\\n\",eigenvalues)\n",
        "print(\"\\nEigenvectors:\\n\",eigenvectors)\n",
        "\n",
        "idx=np.argsort(eigenvalues)[::-1]\n",
        "eigenvalues=eigenvalues[idx]\n",
        "eigenvectors=eigenvectors[:,idx]\n",
        "print(\"\\nSorted Eigenvalues:\\n\",eigenvalues)\n",
        "print(\"\\nSorted Eigenvectors:\\n\",eigenvectors)\n",
        "\n",
        "k=1\n",
        "principal_components=eigenvectors[:,:k]\n",
        "print(\"\\nPrincipal Component Matrix:\\n\",principal_components)\n",
        "\n",
        "X_reduced=np.dot(X_std,principal_components)\n",
        "print(\"\\nReduced Dataset (After PCA):\\n\",X_reduced)\n",
        "\n",
        "variance_ratio=eigenvalues/np.sum(eigenvalues)\n",
        "print(\"\\nVariance Percentage:\\n\",variance_ratio*100)\n",
        "\n",
        "\n"
      ],
      "metadata": {
        "id": "yjzDILSwxaBe",
        "outputId": "b70a9fe5-107e-46de-8f67-781b112fff88",
        "colab": {
          "base_uri": "https://localhost:8080/"
        }
      },
      "execution_count": 19,
      "outputs": [
        {
          "output_type": "stream",
          "name": "stdout",
          "text": [
            "Original Dataset:\n",
            " [[78 85 80 82]\n",
            " [65 70 68 72]\n",
            " [90 92 88 91]\n",
            " [72 75 70 74]\n",
            " [85 88 84 86]]\n",
            "\n",
            "Standardized Data:\n",
            " [[ 0.          0.36487819  0.25649459  0.13975425]\n",
            " [-1.45709148 -1.45951277 -1.28247294 -1.25778824]\n",
            " [ 1.34500752  1.21626064  1.28247294  1.39754249]\n",
            " [-0.67250376 -0.85138245 -1.02597835 -0.97827974]\n",
            " [ 0.78458772  0.72975638  0.76948376  0.69877124]]\n",
            "\n",
            "Covariance Matrix:\n",
            " [[1.25       1.22690978 1.22182949 1.22964045]\n",
            " [1.22690978 1.25       1.24005798 1.23233754]\n",
            " [1.22182949 1.24005798 1.25       1.24565574]\n",
            " [1.22964045 1.23233754 1.24565574 1.25      ]]\n",
            "\n",
            "Eigenvalues:\n",
            " [4.94824449e+00 3.21955030e-02 1.25379919e-03 1.83062100e-02]\n",
            "\n",
            "Eigenvectors:\n",
            " [[ 0.49798142  0.84153696 -0.20196409  0.05514122]\n",
            " [ 0.50010981 -0.1680098   0.31798467 -0.7877491 ]\n",
            " [ 0.50094854 -0.47570306 -0.71075955  0.13258208]\n",
            " [ 0.50095434 -0.19311872  0.59406827  0.59902654]]\n",
            "\n",
            "Sorted Eigenvalues:\n",
            " [4.94824449e+00 3.21955030e-02 1.83062100e-02 1.25379919e-03]\n",
            "\n",
            "Sorted Eigenvectors:\n",
            " [[ 0.49798142  0.84153696  0.05514122 -0.20196409]\n",
            " [ 0.50010981 -0.1680098  -0.7877491   0.31798467]\n",
            " [ 0.50094854 -0.47570306  0.13258208 -0.71075955]\n",
            " [ 0.50095434 -0.19311872  0.59902654  0.59406827]]\n",
            "\n",
            "Principal Component Matrix:\n",
            " [[0.49798142]\n",
            " [0.50010981]\n",
            " [0.50094854]\n",
            " [0.50095434]]\n",
            "\n",
            "Reduced Dataset (After PCA):\n",
            " [[ 0.38098025]\n",
            " [-2.72806855]\n",
            " [ 2.62061054]\n",
            " [-1.76471492]\n",
            " [ 1.49119268]]\n",
            "\n",
            "Variance Percentage:\n",
            " [9.89648898e+01 6.43910060e-01 3.66124201e-01 2.50759837e-02]\n"
          ]
        }
      ]
    }
  ]
}